  -4.1986408e-01	   1.0000000e+01	   4.7955159e-01	   6.5210763e-01	   5.6284771e-01	   4.0547963e-02	   2.4067962e-01	   5.4248189e-05	   9.2605647e-03	   1.0177381e-02	   4.3018852e-02	   4.6314500e-02	   8.1224230e-01	  -7.7229647e-01	  -5.8383318e-03	  -8.1726199e-01	   6.5704975e-01	   7.0791618e-01	  -8.2551370e-01	   6.7007150e-01	  -8.0987397e-02	  -7.9052723e-02	
   1.0286145e+00	   1.0000000e+01	   1.5274772e-01	   2.9268419e-01	   6.0131916e-01	   2.4597594e-05	   1.5853379e-02	   3.4006598e-01	   1.5238401e-01	   1.5335915e-01	   1.5709915e-02	   1.5214713e-01	   1.1290370e+00	   3.2566108e-02	  -1.1148167e+00	  -1.0705772e+00	  -1.0946046e+00	   3.0693081e-02	   1.1288578e+00	   1.1280658e+00	  -1.0936056e+00	   1.1298481e+00	
   1.4324638e+00	   1.0000000e+01	   1.1276933e-01	   2.6107529e-04	   1.1046836e-02	   2.0387782e-05	   1.3066159e-02	   1.9713850e-06	   5.4299979e-02	   6.9042011e-02	   2.2552532e-01	   1.1275798e-01	  -1.1971335e+00	  -1.1801271e+00	  -1.1921946e+00	  -1.1780268e+00	  -1.1905882e+00	  -1.1762027e+00	  -1.1988429e+00	  -1.1953176e+00	  -1.1976157e+00	  -1.1961435e+00	
  -5.4076433e-01	   1.0000000e+01	   2.2848986e-01	   2.0695967e-01	   2.2829988e-01	   5.1997473e-01	   5.9224624e-02	   1.1110029e-03	   4.0989848e-01	   2.5463304e-01	   1.8794158e-01	   1.2527844e-03	  -2.0260735e-01	  -8.0556274e-01	   2.8777060e-01	   8.1956715e-01	   8.0789536e-01	   3.1096498e-01	  -8.0063755e-01	  -2.0123041e-01	   2.8962201e-01	   3.0995869e-01	
  -1.8362151e+00	   1.0000000e+01	   5.3812381e-01	   2.1155985e-01	   3.2374487e-04	   6.0022664e-04	   3.4168721e-01	   5.0977447e-03	   7.4963838e-04	   1.5901356e-01	   4.6220516e-01	   2.1151115e-01	   6.2530253e-01	  -2.6233568e-01	   1.7840151e-01	  -2.9553533e-01	   1.4201125e-01	   1.7292217e-01	   1.7988855e-01	   1.5193798e-01	  -6.5877944e-01	  -2.6333523e-01	
  -1.2368571e+00	   1.0000000e+01	   1.3718735e-01	   6.4956446e-02	   3.8144830e-02	   1.9493242e-01	   4.8457912e-01	   3.9837683e-01	   2.6369086e-01	   3.3094382e-01	   3.2404463e-02	   6.7618439e-02	  -3.3004622e-01	   1.4248121e-01	   6.5891525e-01	   6.9358174e-01	  -7.3527603e-01	   1.2676899e-01	  -3.2506008e-01	   6.8854621e-01	   6.5997526e-01	   1.4351169e-01	
  -4.3221521e-01	   1.0000000e+01	   2.1674504e-01	   1.3707840e-02	   5.3254110e-01	   2.6300175e-01	   7.8171170e-02	   1.9613597e-01	   8.7840555e-02	   5.6936381e-03	   4.7291927e-01	   2.2080157e-01	  -2.1703888e-02	   8.0401316e-01	  -7.7047627e-01	   5.9149532e-01	  -7.8962710e-01	  -3.8824767e-02	  -7.8832167e-01	   6.1113306e-01	   8.3215081e-01	  -2.2919262e-02	
  -3.7341066e-01	   1.0000000e+01	   4.9546155e-01	   2.6203611e-01	   2.9608180e-01	   1.9527749e-01	   1.7614619e-01	   4.4537577e-03	   8.6253734e-02	   2.3835319e-01	   8.5915092e-02	   2.5786437e-01	   8.5839096e-01	  -7.9016929e-01	   5.3509208e-01	  -4.8763796e-02	  -5.2192791e-02	   8.2775462e-01	  -7.9443102e-01	  -5.0978238e-02	  -7.9548575e-01	  -7.8907822e-01	
  -2.9893682e-01	   1.0000000e+01	   5.3160597e-01	   6.1260839e-01	   4.9807822e-01	   5.2404306e-03	   4.3339373e-02	   1.0657334e-01	   9.3620799e-02	   1.6272400e-01	   1.7895710e-03	   3.5941723e-02	  -8.0765723e-01	   7.8930116e-01	  -1.6053242e-03	   8.3166439e-01	  -7.4271839e-01	  -7.3874592e-01	   8.1484428e-01	   1.5152544e-02	   8.3035888e-01	  -7.4393887e-01	
   9.7274811e-02	   1.0000000e+01	   7.1769313e-01	   2.0883740e-04	   3.3980342e-01	   3.5429277e-01	   2.9163564e-03	   1.2521947e-04	   2.2104069e-04	   3.2164857e-05	   3.6064066e-01	   3.2473791e-01	  -8.7468077e-01	   8.2852819e-01	   9.3850664e-05	   8.7372876e-01	   8.2634827e-01	   8.2417518e-01	   8.2752794e-01	   8.2254100e-01	   8.7480693e-01	  -1.4884140e-03	
   2.3148135e+00	   1.0000000e+01	   8.0709967e-02	   2.7829799e-03	   1.0444064e-05	   4.3063980e-04	   1.8663673e-05	   2.2672095e-04	   9.6952125e-02	   2.2484438e-04	   1.0302965e-05	   8.0653053e-02	  -1.5215653e+00	  -1.5187543e+00	  -1.5168063e+00	  -1.5254282e+00	  -1.5271722e+00	  -1.5233253e+00	  -1.5219707e+00	  -1.5243250e+00	  -1.5158063e+00	  -1.5206117e+00	
   8.9998321e-01	   1.0000000e+01	   5.6689747e-01	   1.6683180e-03	   6.1577387e-01	   1.0635588e-05	   2.4735438e-01	   5.5556717e-02	   1.9014277e-01	   5.7009268e-03	   2.0716441e-03	   2.5460001e-01	  -1.0961622e+00	   3.6196513e-01	   1.0972925e+00	   1.1313290e+00	  -1.2713113e-01	  -1.1052510e+00	   3.4351059e-01	   3.5954889e-01	   3.6092187e-01	  -1.2609529e-01	
  -1.9610073e+00	   1.0000000e+01	   3.7469454e-02	   3.0725481e-01	   2.2473423e-01	   1.8070158e-01	   1.2491252e-02	   3.3951145e-01	   7.8045615e-02	   3.1585439e-01	   4.0508886e-01	   1.0870601e-02	  -6.3056791e-01	  -2.7392949e-01	   6.0878785e-01	   1.3167760e-01	  -2.8914777e-01	   1.2303654e-01	  -2.8308587e-01	   6.0550609e-01	  -6.4958483e-01	  -2.9019509e-01	
  -8.2490876e-01	   1.0000000e+01	   1.8008156e-01	   4.9471467e-01	   3.4458667e-01	   6.5101371e-01	   2.2801014e-06	   7.1570870e-02	   1.7179412e-01	   4.0813527e-02	   6.4315471e-02	   4.0656841e-02	   8.0085120e-02	  -7.9081797e-01	  -4.1373172e-01	   7.2753204e-01	  -4.5476387e-01	   8.9106297e-02	   9.3609207e-02	   9.0738048e-02	   8.1099323e-02	   8.9737607e-02	
   5.9970210e-01	   1.0000000e+01	   3.1641579e-02	   2.3837680e-06	   6.8910209e-01	   8.6921039e-02	   6.5770310e-01	   3.4159599e-01	   1.4380823e-02	   2.0147169e-01	   7.1853216e-03	   7.1794721e-03	  -9.8456487e-01	   1.0312865e+00	   9.9877276e-01	   1.5455645e-02	  -9.9925978e-01	  -3.5822525e-03	   1.7477879e-02	  -2.2112443e-03	   1.6975617e-02	   1.5975476e-02	
   5.1845685e-01	   1.0000000e+01	   5.6075014e-01	   6.0278816e-02	   6.6083472e-01	   5.8147923e-04	   9.4152969e-05	   6.4685537e-02	   1.3028572e-01	   2.5595561e-01	   7.0177865e-02	   2.5308383e-01	  -9.7972917e-01	   6.0738122e-01	   9.8883233e-01	   9.7544575e-01	   9.7376434e-01	  -3.3596547e-02	  -9.8730752e-01	  -1.6274145e-02	  -3.2455319e-02	  -1.7301603e-02	
   1.6795558e+00	   1.0000000e+01	   4.1546024e-01	   3.4079088e-02	   3.6355492e-03	   1.0150963e-03	   1.3618241e-03	   1.6996940e-02	   1.0109277e-03	   3.6275890e-03	   8.5042696e-03	   8.5042696e-03	   1.2961602e+00	   1.2949432e+00	   1.2930959e+00	   1.2999816e+00	   1.2985126e+00	   1.2934541e+00	   1.3009813e+00	   1.2920967e+00	   1.2939524e+00	   1.2949524e+00	
   1.0243294e+00	   1.0000000e+01	   3.9579856e-02	   2.3023646e-01	   3.2865590e-01	   5.8499804e-01	   3.9005280e-01	   2.1914800e-03	   3.0515080e-03	   3.0665435e-04	   2.9648491e-01	   3.3842195e-03	  -1.1273974e+00	   1.1236898e+00	   4.9257637e-03	  -1.1183558e+00	   1.1207939e+00	   3.6460991e-02	   3.3462610e-02	   4.0492836e-02	   6.3078700e-03	   3.2450654e-02	
   2.5428279e+00	   1.0000000e+01	   9.8190734e-02	   2.8200808e-04	   4.4756336e-06	   5.9716219e-04	   1.9864382e-04	   1.4813538e-04	   5.8944643e-04	   1.4747887e-04	   9.8204201e-02	   2.8072901e-04	   1.5941146e+00	   1.5909418e+00	   1.5881171e+00	   1.5971176e+00	   1.5917680e+00	   1.5954996e+00	   1.5981168e+00	   1.5964994e+00	   1.5950458e+00	   1.5899419e+00	
   6.2460097e-03	   1.0000000e+01	   3.1788689e-02	   5.9352340e-01	   6.5439946e-01	   5.7943452e-03	   1.4991210e-02	   3.5447972e-04	   2.9968337e-01	   4.8290362e-01	   1.0642735e-03	   3.1666947e-02	   1.3912649e-01	  -9.1353445e-01	   8.8144445e-01	   8.7564702e-01	   8.7908427e-01	  -8.9134905e-01	  -4.1248940e-01	   1.1967721e-01	   8.7384428e-01	   1.3812379e-01	
   5.3974533e-01	   1.0000000e+01	   1.6274835e-02	   6.9565883e-01	   1.5559329e-01	   2.0381490e-05	   6.0440282e-06	   5.9496333e-01	   4.1717080e-06	   3.4584338e-01	   8.3661938e-02	   1.5885120e-01	   1.0004125e+00	  -9.8238653e-01	   2.8237792e-03	   1.0160604e+00	  -9.3596708e-01	   9.8229445e-01	   1.0185325e+00	  -5.3566114e-04	   9.8420796e-01	   1.7343090e-03	
  -5.3626372e-01	   1.0000000e+01	   4.7321184e-01	   6.8834887e-03	   2.4456359e-01	   4.5231306e-01	   3.5232520e-01	   5.6859055e-03	   1.9467256e-01	   6.6600140e-03	   5.3937055e-03	   3.3219368e-01	   7.9357054e-01	  -7.8325025e-01	   6.2529874e-01	  -1.4088613e-02	  -7.5406791e-01	  -7.8443304e-01	  -2.4720461e-02	   7.6480713e-01	   7.6356046e-01	  -7.5541526e-01	
   4.1684853e-01	   1.0000000e+01	   6.6119352e-01	   6.2385030e-01	   2.0851947e-01	   1.0988728e-02	   1.4114394e-01	   5.6791898e-02	   1.5488581e-02	   1.8346518e-02	   2.4689530e-01	   9.7168387e-02	  -9.7056420e-01	   9.8778178e-01	  -1.1467806e-01	  -9.8899013e-01	   4.1817013e-01	  -1.2455275e-01	  -1.2923242e-01	  -1.2809826e-01	  -1.1294278e-01	   4.2073292e-01	
   2.4390936e+00	   1.0000000e+01	   2.2546138e-01	   1.7901614e-06	   5.4316100e-06	   1.0083248e-04	   1.4114730e-04	   2.9955834e-06	   1.8409173e-06	   1.0262263e-04	   1.0170945e-04	   1.0228209e-04	  -1.5617570e+00	  -1.5541633e+00	  -1.5571193e+00	  -1.5665813e+00	  -1.5639350e+00	  -1.5558754e+00	  -1.5551633e+00	  -1.5645814e+00	  -1.5655814e+00	  -1.5655813e+00	
  -2.8553111e-01	   1.0000000e+01	   6.3829137e-01	   2.5605566e-01	   1.4156090e-01	   4.8130960e-01	   3.2630437e-03	   3.3688758e-01	   2.5376833e-01	   3.2126677e-04	   2.8791137e-03	   2.8609975e-04	   8.4155974e-01	  -8.6233365e-01	  -3.1556579e-01	   1.9228735e-01	   2.1792089e-01	  -8.6020339e-01	  -3.1082181e-01	   2.1935890e-01	   2.1682400e-01	   2.2036063e-01	
   3.4799954e-01	   1.0000000e+01	   4.3193518e-01	   6.5825744e-01	   6.4567596e-01	   3.5456371e-01	   3.1863679e-04	   2.6823177e-04	   2.9970564e-06	   3.3632633e-06	   5.5250741e-04	   5.6932085e-04	  -2.0054470e-01	  -9.6256265e-01	   9.6751345e-01	   2.7148915e-01	  -2.2977485e-01	  -2.3320130e-01	  -2.3616326e-01	  -2.3516323e-01	  -2.3178527e-01	  -2.3078520e-01	
  -1.9480494e+00	   1.0000000e+01	   1.1986834e-02	   6.3892756e-01	   1.2570285e-01	   9.8063290e-02	   4.8776204e-01	   1.6366539e-06	   1.1963987e-05	   4.1470542e-02	   1.4950984e-06	   4.7972173e-01	  -4.7313845e-01	   1.7796900e-02	   5.8399033e-01	  -4.6401979e-01	  -5.7538033e-01	   9.6786807e-02	   9.2030448e-02	  -4.7031428e-01	   9.7788490e-02	   5.7048360e-01	
   5.0182110e-01	   1.0000000e+01	   6.9855444e-01	   4.4027729e-01	   4.9007370e-01	   3.8514655e-04	   1.5268238e-01	   2.2003270e-01	   5.6276152e-02	   1.2386946e-05	   4.4032496e-04	   1.3320566e-05	  -9.7285052e-01	   2.7408864e-03	   9.7466843e-01	  -5.1465490e-02	   9.6847199e-01	  -6.6747544e-03	   9.6379106e-01	  -4.7874682e-02	  -5.0314308e-02	  -4.8874693e-02	
   6.5351271e-01	   1.0000000e+01	   6.8331694e-01	   6.8291438e-01	   5.0098827e-01	   1.1911878e-02	   3.3423196e-03	   5.0669500e-03	   1.8392294e-02	   6.8549953e-04	   1.1337993e-01	   3.4204487e-03	   1.0132275e+00	  -1.0134917e+00	   2.9651486e-03	  -4.6352177e-02	  -3.8489174e-02	  -4.4790443e-02	  -4.0606671e-02	  -3.7380977e-02	   2.0173094e-04	  -3.9490138e-02	
  -1.1741845e+00	   1.0000000e+01	   3.5194767e-01	   6.2410973e-01	   1.3748655e-01	   2.3748761e-02	   4.1701720e-01	   4.1665280e-03	   4.2132375e-03	   2.5380847e-02	   4.2219661e-01	   4.2277267e-03	   3.7277871e-01	  -6.8071651e-01	  -8.9197470e-02	   7.2970640e-01	   7.3956415e-01	   7.2842525e-01	   7.2647220e-01	   7.3072757e-01	  -9.1025219e-02	   7.2747220e-01	
   1.7568170e+00	   1.0000000e+01	   1.1475516e-01	   4.3272849e-05	   1.6061810e-03	   2.6025944e-05	   1.8759017e-06	   1.0034550e-03	   3.0498565e-04	   3.0209719e-04	   2.2949101e-01	   1.1471288e-01	   1.3254407e+00	   1.3343236e+00	   1.3301574e+00	   1.3329080e+00	   1.3364589e+00	   1.3289039e+00	   1.3310557e+00	   1.3320555e+00	   1.3258851e+00	   1.3244693e+00	
  -4.3435626e-01	   1.0000000e+01	   4.8724552e-01	   1.1090549e-03	   6.4540206e-01	   3.7238331e-01	   4.9916464e-01	   1.6996750e-02	   6.7361937e-05	   8.0142553e-02	   7.9461433e-05	   1.0936864e-03	   8.4153279e-01	  -1.8820507e-01	  -8.0768176e-01	   3.4742796e-01	  -1.5339088e-01	  -1.8206587e-01	   8.1505354e-01	   8.3534817e-01	   8.1605388e-01	  -1.8920523e-01	
   1.5252142e+00	   1.0000000e+01	   4.8424418e-01	   3.5715713e-03	   3.1581347e-03	   1.3934185e-04	   5.5395645e-02	   6.1267366e-04	   8.2206794e-03	   1.0906318e-05	   6.1366258e-04	   3.1500132e-03	   1.2351688e+00	   1.2387558e+00	   1.2305216e+00	   1.2270388e+00	   1.2338363e+00	   1.2379463e+00	   1.2320414e+00	   1.2282402e+00	   1.2369465e+00	   1.2295221e+00	
  -5.9874740e-02	   1.0000000e+01	   6.6910155e-01	   4.0293655e-01	   5.8833494e-01	   1.5531966e-01	   2.5723683e-04	   3.6304270e-05	   2.4551566e-04	   1.6897120e-01	   6.6550953e-02	   6.6255521e-02	  -8.7167002e-01	  -1.3606837e-01	   9.0362145e-01	   3.9676098e-01	  -1.7462908e-01	  -1.7663096e-01	  -1.7359194e-01	   3.9559439e-01	  -1.3744493e-01	  -1.3844674e-01	
   1.8470048e+00	   1.0000000e+01	   1.7548032e-01	   3.4462665e-04	   1.0084346e-02	   3.0961635e-03	   2.9673876e-02	   2.0298823e-03	   1.3880532e-04	   1.7548593e-01	   2.9618019e-02	   3.4607578e-04	   1.3595900e+00	   1.3540318e+00	   1.3608853e+00	   1.3622524e+00	   1.3582605e+00	   1.3557424e+00	   1.3528788e+00	   1.3586926e+00	   1.3572740e+00	   1.3550317e+00	
  -1.8345913e-01	   1.0000000e+01	   6.3652933e-01	   7.7134989e-05	   5.2263653e-01	   4.5407164e-01	   7.8224216e-02	   9.5885867e-02	   9.5233844e-02	   7.7407825e-05	   1.5687712e-01	   7.8331284e-02	   8.6241092e-01	  -3.1199911e-01	  -8.6913328e-01	   2.1953923e-01	  -2.7310512e-01	  -8.7588477e-01	  -2.7573697e-01	  -3.1099912e-01	  -2.7157058e-01	  -2.7210536e-01	
  -1.1878812e+00	   1.0000000e+01	   4.7074871e-01	   6.1699422e-03	   7.4312627e-03	   3.8513571e-01	   1.1428356e-01	   5.9963127e-01	   2.9143161e-01	   2.8434345e-02	   5.0261481e-03	   1.0893062e-01	   7.4577410e-01	  -1.2980914e-01	  -7.1716509e-01	   3.6028939e-01	  -1.0929713e-01	  -6.8523996e-01	  -1.0661543e-01	  -1.3169659e-01	  -7.1886839e-01	  -1.0824240e-01	
  -1.7444262e+00	   1.0000000e+01	   2.4884698e-01	   1.5988059e-01	   5.5213690e-01	   4.4180406e-02	   1.6948605e-01	   3.4302121e-02	   1.2320295e-01	   3.8987144e-01	   1.7526238e-01	   4.4131067e-02	  -2.6169675e-01	   1.4893881e-01	   6.3044032e-01	  -6.5211978e-01	   1.3393062e-01	  -2.6885558e-01	  -2.6498358e-01	  -6.6454562e-01	   1.3499074e-01	  -6.5111987e-01	
  -1.7078657e+00	   1.0000000e+01	   2.6410258e-01	   4.6914806e-01	   2.6938667e-01	   2.2869524e-01	   1.5228371e-01	   2.4010188e-02	   1.2940993e-03	   9.1187027e-03	   2.6694951e-01	   2.5852092e-01	   1.1666247e-01	  -6.6727460e-01	   6.2471933e-01	  -2.8771476e-01	  -2.9060013e-01	   6.4731321e-01	  -6.2762418e-01	   6.4589591e-01	   6.2574774e-01	   1.1563459e-01	
   3.0750443e-01	   1.0000000e+01	   4.5755234e-05	   3.1568270e-02	   2.6108469e-01	   7.0889069e-01	   3.2826547e-01	   3.9368253e-01	   9.0509016e-05	   3.9546645e-05	   3.6798062e-02	   3.2807957e-01	   7.2034947e-01	   7.0974210e-01	   9.3494835e-01	  -9.2553077e-01	  -9.3916861e-03	   9.3851089e-01	   7.2248699e-01	   7.2134981e-01	   7.0860177e-01	  -8.2334952e-03	
   5.5437462e-01	   1.0000000e+01	   2.4356843e-05	   2.3385026e-01	   6.4545710e-01	   2.7620774e-01	   9.6614492e-05	   4.2640318e-01	   4.6139453e-01	   1.2351766e-05	   3.8128124e-03	   6.4847091e-03	  -2.0502616e-01	  -1.0077915e+00	   1.0108469e+00	   2.8980670e-01	   1.0298329e+00	  -1.0045314e+00	  -1.5566633e-01	   3.2580058e-01	   3.1151811e-01	   3.0970012e-01	
  -4.0828989e-01	   1.0000000e+01	   5.5680897e-01	   6.6443761e-01	   2.4255894e-01	   2.1825679e-03	   3.7164463e-04	   8.1896109e-02	   4.6209056e-01	   9.1055755e-02	   8.7654114e-05	   3.7145569e-04	  -1.1046264e-01	  -8.0120517e-01	   4.1125253e-01	   8.2383098e-01	  -8.2712094e-01	   8.3878616e-01	   8.5080873e-01	   4.1828200e-01	  -8.2939398e-01	  -8.2812093e-01	
  -1.3983593e+00	   1.0000000e+01	   1.0179332e-01	   5.9158886e-01	   2.7675112e-01	   3.4970412e-06	   1.1163022e-05	   4.8588223e-01	   1.8025781e-01	   1.2499973e-01	   1.0178727e-01	   1.2493077e-01	  -3.0973216e-01	   6.6185994e-01	   1.2075813e-01	  -3.4541106e-01	  -3.4351880e-01	  -7.0752623e-01	  -3.1148675e-01	   1.1983191e-01	  -3.1073196e-01	   1.1883181e-01	
  -3.2338687e-01	   1.0000000e+01	   4.2921599e-01	   3.7119696e-05	   6.1500246e-01	   5.7958169e-01	   6.6496871e-03	   4.2901009e-02	   1.4718160e-05	   4.2524537e-01	   6.6445557e-03	   7.3458960e-03	  -2.5371286e-01	   8.7716530e-01	  -8.4422285e-01	   8.3973800e-01	   2.5353570e-01	   8.5795017e-01	   8.7883171e-01	   2.3246887e-01	   2.5457514e-01	   2.5251807e-01	
   1.7744216e+00	   1.0000000e+01	   4.3539641e-01	   1.7113385e-03	   7.1483627e-03	   1.0458622e-04	   2.1482470e-03	   1.1963023e-03	   3.1978377e-03	   3.1889351e-03	   6.0016606e-04	   6.0189673e-04	  -1.3321393e+00	  -1.3263351e+00	  -1.3293707e+00	  -1.3239252e+00	  -1.3350816e+00	  -1.3274656e+00	  -1.3308655e+00	  -1.3298671e+00	  -1.3279646e+00	  -1.3289645e+00	
   1.0906189e+00	   1.0000000e+01	   4.8703730e-01	   6.0472418e-01	   6.2684643e-01	   2.9162983e-03	   1.1987601e-01	   8.2078739e-04	   3.7321330e-05	   1.3140012e-04	   9.6177602e-04	   2.6872489e-04	   1.1397939e+00	  -1.1402700e+00	   1.4706356e-04	  -1.1258717e+00	   1.1422502e+00	  -1.1233278e+00	   1.1595881e+00	   1.1580482e+00	   1.1549881e+00	   1.1568916e+00	
   8.9702248e-01	   1.0000000e+01	   6.4762109e-01	   1.6012311e-06	   1.9633240e-01	   3.5499984e-02	   3.5779710e-01	   9.2149113e-02	   2.2275584e-01	   1.2946106e-01	   3.4391671e-02	   2.2240497e-01	  -1.0820214e+00	   5.6630682e-02	   1.0835818e+00	   1.0494381e-02	   1.0817960e+00	   1.0864906e+00	  -2.3254534e-03	   8.7019583e-03	   1.1499242e-02	  -1.3262052e-03	
   2.0924922e+00	   1.0000000e+01	   1.5857859e-01	   3.0797528e-03	   4.0565157e-04	   6.5474551e-06	   1.1225399e-02	   5.6745499e-06	   1.4560455e-03	   1.4453291e-03	   7.9300965e-02	   7.9248976e-02	  -1.4461523e+00	  -1.4428640e+00	  -1.4411982e+00	  -1.4382363e+00	  -1.4449366e+00	  -1.4394187e+00	  -1.4443808e+00	  -1.4433821e+00	  -1.4465841e+00	  -1.4475486e+00	
   5.4791955e-01	   1.0000000e+01	   4.6454527e-04	   6.3509872e-01	   6.7606052e-02	   5.5108290e-01	   6.7483698e-01	   2.7152943e-04	   5.8654684e-05	   1.9857636e-02	   8.5373554e-02	   1.8666082e-02	  -1.0234857e+00	   1.0094565e+00	   4.7982565e-01	  -6.9374583e-02	  -9.9668960e-01	  -1.0845591e-01	  -1.0697218e-01	  -8.4222649e-02	   4.7825734e-01	  -8.5239694e-02	
   1.2904693e-01	   1.0000000e+01	   5.8499042e-01	   1.6725594e-02	   1.7578255e-01	   1.5817214e-01	   5.1215800e-01	   3.9353894e-03	   5.4939598e-01	   9.6301900e-04	   9.1516393e-02	   1.6711591e-02	   9.3597739e-01	  -1.1255758e-01	  -9.0577486e-01	   4.8525874e-01	  -8.9917389e-01	   9.2228949e-01	  -8.5873163e-02	   9.2073817e-01	   4.8893263e-01	  -1.1356268e-01	
  -7.5528560e-01	   1.0000000e+01	   6.2023134e-01	   2.3440002e-01	   3.9844268e-01	   5.0278437e-02	   2.1822283e-05	   9.9431726e-02	   3.0720637e-02	   3.0973154e-01	   3.0062152e-01	   3.0984632e-02	  -7.5938634e-01	   7.9185155e-01	   3.2022279e-01	  -1.7318674e-01	  -2.0883519e-01	  -1.5807150e-01	  -1.7100576e-01	   7.9346930e-01	  -1.5672547e-01	  -1.7200895e-01	
   4.1680643e-01	   1.0000000e+01	   1.1328007e-01	   6.6986615e-01	   4.8011995e-02	   6.2445318e-01	   2.0500812e-03	   1.0215608e-01	   7.5073586e-02	   2.2853791e-01	   1.0354169e-01	   1.1374880e-01	  -1.2898495e-01	  -9.7197145e-01	   4.0203741e-01	   9.8774202e-01	   9.7917314e-01	   3.9381409e-01	  -1.2725910e-01	  -1.2562545e-01	   3.9281178e-01	  -1.2798448e-01	
   7.2777511e-01	   1.0000000e+01	   6.7341795e-01	   5.5097028e-01	   4.9111979e-01	   2.6472029e-05	   4.5041561e-04	   3.5820801e-06	   1.2246655e-01	   1.6293311e-01	   1.8166649e-06	   1.8027297e-06	   1.0337680e+00	  -1.0337635e+00	  -1.6152249e-04	   1.0000988e+00	   1.0055811e+00	   9.9724553e-01	  -1.0355873e+00	  -1.6293365e-03	   9.9874553e-01	   9.9774553e-01	
   3.9192638e-01	   1.0000000e+01	   7.7195234e-04	   6.3621840e-01	   6.9777244e-01	   3.2745030e-01	   5.2777029e-02	   2.2926828e-05	   1.3321180e-03	   4.8501939e-05	   3.1551160e-01	   4.7198176e-02	  -6.6030157e-01	  -9.6619010e-01	   9.4957041e-01	   2.3384903e-02	  -6.4435244e-01	   9.8562266e-01	   9.7776201e-01	   9.8424046e-01	   2.4591701e-02	  -6.4546527e-01	
   7.2990554e-01	   1.0000000e+01	   6.7315663e-01	   1.5748005e-02	   3.3677455e-01	   1.5286380e-05	   3.8563619e-06	   5.2086972e-01	   1.1735646e-01	   8.4197337e-02	   1.6839385e-01	   8.4201817e-02	   1.0346643e+00	   3.2760865e-02	  -1.0338698e+00	  -9.9776862e-01	  -9.9559596e-01	  -7.2334412e-04	   1.5392488e-03	  -1.0338422e+00	  -1.0353264e+00	  -1.0348372e+00	
  -9.0774819e-01	   1.0000000e+01	   4.5998468e-01	   1.5638555e-01	   2.2007670e-01	   3.3065275e-03	   6.1153889e-01	   4.4176283e-01	   7.2551809e-02	   7.4850898e-04	   3.6550278e-02	   3.6399153e-02	  -7.6635486e-01	  -4.9117706e-01	   7.0810656e-01	   7.3453697e-01	   4.2578547e-02	   6.9910430e-01	  -4.9293189e-01	   7.3618076e-01	  -4.9148183e-01	  -4.9248195e-01	
   1.1681922e+00	   1.0000000e+01	   4.3564937e-02	   1.3774539e-06	   3.0522443e-01	   1.8290610e-03	   3.6051523e-01	   5.6177005e-03	   4.1517211e-06	   8.4756734e-04	   3.7312766e-06	   4.5846667e-02	   1.1673823e+00	   9.1699507e-01	   1.1812059e+00	   1.1577235e+00	   8.5865284e-01	   1.1612419e+00	   9.1226050e-01	   1.1589242e+00	   9.1326073e-01	   1.1684065e+00	
   1.2417371e+00	   1.0000000e+01	   5.9370142e-06	   5.9395080e-01	   9.1505435e-02	   3.3417639e-06	   2.5638473e-05	   5.6059071e-02	   5.7333197e-06	   1.6926632e-01	   5.4043915e-02	   9.3145687e-02	  -1.2065871e+00	  -3.5153397e-01	  -1.2394638e+00	  -1.2077697e+00	  -1.2102607e+00	  -1.2341973e+00	  -1.2088151e+00	  -1.2392931e+00	  -1.2332058e+00	  -1.2404445e+00	
  -4.9919916e-01	   1.0000000e+01	   4.8788535e-05	   5.9655033e-01	   1.1023819e-02	   2.8268804e-01	   6.0369802e-01	   4.2886447e-01	   4.3349343e-03	   8.6444182e-02	   1.3050024e-02	   7.5296026e-02	   7.8595799e-01	  -8.1956801e-01	   2.5873825e-01	  -2.5229956e-01	   8.1654542e-01	   2.3658899e-01	   2.6163933e-01	  -2.5904447e-01	   2.5761845e-01	  -2.6029275e-01	
   4.0095722e-01	   1.0000000e+01	   6.6034730e-01	   6.3816194e-01	   3.6153288e-01	   1.6283598e-01	   1.0547257e-04	   1.9592330e-05	   7.7255906e-02	   1.5723817e-01	   2.6639305e-02	   1.9360374e-05	  -9.7314479e-01	   9.8147183e-01	  -1.7635676e-01	   3.0887554e-01	   1.0097604e+00	   1.0108458e+00	  -1.8104955e-01	   3.0990027e-01	  -1.7988354e-01	   1.0118458e+00	
  -2.9870218e-01	   1.0000000e+01	   6.8023124e-01	   1.4315671e-01	   5.0003812e-01	   1.4768619e-01	   3.1353610e-01	   6.6636445e-04	   1.4460301e-01	   2.8000140e-02	   1.4854090e-01	   6.7602920e-04	  -8.1483376e-01	  -7.9240288e-02	   8.7343222e-01	  -8.9314846e-02	   4.7842423e-01	   5.0805982e-01	  -9.0514156e-02	   8.5727991e-01	  -8.0306965e-02	   5.0705978e-01	
  -3.0948003e-01	   1.0000000e+01	   3.9059355e-01	   3.2604317e-01	   5.4214843e-01	   2.9066662e-01	   5.5774686e-05	   2.8062969e-01	   4.1559949e-04	   5.3191465e-03	   6.5710819e-04	   2.7171046e-01	  -8.1687690e-01	   4.3098287e-01	   8.6708472e-01	  -1.0742006e-01	  -8.5443920e-01	  -8.1963234e-01	   8.3786035e-01	   8.4438377e-01	   8.3916051e-01	  -1.0609558e-01	
  -3.5727472e-01	   1.0000000e+01	   2.4410357e-01	   5.1634574e-01	   6.7284711e-01	   6.1799035e-02	   1.6198667e-01	   2.3385112e-01	   4.1108467e-03	   4.0047238e-02	   3.5398307e-03	   1.6610634e-01	  -8.9198249e-02	   8.6737003e-01	  -8.0745895e-01	  -1.1872107e-01	   4.6941299e-01	  -8.7988001e-02	   4.8930710e-01	  -1.1983880e-01	   4.9034476e-01	   4.6839533e-01	
   7.9931762e-02	   1.0000000e+01	   2.5565018e-01	   6.5717250e-01	   6.2403778e-01	   1.4638261e-02	   8.1930481e-04	   1.0259221e-03	   4.6219454e-01	   4.6238971e-05	   7.8219132e-05	   1.0066784e-01	   3.1369132e-01	  -9.0643852e-01	   9.2028099e-01	  -2.0972442e-01	  -2.1998196e-01	  -9.3192200e-01	  -1.8480071e-01	  -2.2641257e-01	  -2.2511915e-01	   3.2072028e-01	
   1.6608489e+00	   1.0000000e+01	   3.4822444e-02	   3.8012008e-01	   4.5268288e-03	   4.1811397e-03	   4.1979434e-02	   1.1551091e-03	   1.8890334e-04	   3.4776164e-02	   9.3850771e-05	   9.4168874e-05	   1.2883549e+00	   1.2890266e+00	   1.2846160e+00	   1.2914576e+00	   1.2863431e+00	   1.2927565e+00	   1.2935920e+00	   1.2873684e+00	   1.2950921e+00	   1.2940921e+00	
   1.5930499e+00	   1.0000000e+01	   4.8339211e-01	   8.6305705e-03	   1.3376982e-05	   2.6624901e-04	   3.6940789e-02	   1.2102036e-04	   2.6489417e-04	   1.2123502e-04	   2.6735588e-04	   2.6549517e-04	   1.2622016e+00	   1.2651287e+00	   1.2698218e+00	   1.2684487e+00	   1.2605917e+00	   1.2645735e+00	   1.2674325e+00	   1.2635735e+00	   1.2674488e+00	   1.2664326e+00	
   1.6587452e-01	   1.0000000e+01	   6.0501489e-01	   6.2602819e-02	   5.1251432e-01	   5.4312982e-01	   8.0609046e-06	   1.3809241e-03	   1.5900838e-01	   8.1338453e-02	   6.4230348e-02	   8.1217352e-02	   9.4263709e-01	   4.1686661e-01	  -9.1559159e-01	  -1.2691058e-01	  -1.7415196e-01	   4.3530860e-01	   4.1400973e-01	  -9.1812812e-01	   4.1586038e-01	  -9.1912321e-01	
  -8.4331698e-01	   1.0000000e+01	   5.1148815e-01	   3.4513611e-01	   3.7458705e-01	   3.1339778e-01	   5.0211063e-03	   1.2806472e-01	   2.7519610e-03	   6.4905349e-02	   4.9438912e-03	   3.1341321e-01	  -7.8889197e-01	   1.3289417e-01	  -3.5830933e-01	   7.3901055e-01	  -3.7925755e-01	   1.2940274e-01	  -3.8151670e-01	   1.2795374e-01	  -3.8025767e-01	   7.4000913e-01	
   1.2618841e+00	   8.0000000e+00	   4.0823388e-02	   8.9690296e-02	   6.3662353e-01	   2.5643445e-02	   1.7918450e-01	   4.0447755e-02	   4.4984634e-02	   4.4984634e-02	   0.0000000e+00	   0.0000000e+00	  -1.2436727e+00	  -1.2515234e+00	  -2.8795920e-01	  -1.2416857e+00	  -1.2498939e+00	  -1.2426895e+00	  -1.2510488e+00	  -1.2500488e+00	   0.0000000e+00	   0.0000000e+00	
   1.3161730e+00	   1.0000000e+01	   9.8674189e-06	   1.5471523e-01	   1.8628327e-06	   1.5554238e-02	   8.4274369e-02	   1.1615642e-01	   2.6108358e-01	   3.0513463e-06	   8.3778750e-03	   8.3399005e-03	   1.1857368e+00	   1.1446058e+00	   1.1880761e+00	   1.1681272e+00	   1.1630899e+00	   1.1460712e+00	   1.1426469e+00	   1.1841200e+00	   1.1483093e+00	   1.1473039e+00	
   1.9313326e+00	   1.0000000e+01	   1.8077875e-01	   5.6587084e-03	   1.4936405e-02	   8.6976451e-05	   9.5077913e-03	   7.7579020e-04	   1.7200077e-04	   7.7418076e-04	   1.8077927e-01	   8.6777625e-05	   1.3891993e+00	   1.3869023e+00	   1.3915450e+00	   1.3858746e+00	   1.3928787e+00	   1.3888801e+00	   1.3843748e+00	   1.3878805e+00	   1.3901365e+00	   1.3848746e+00	
  -3.1500473e-01	   1.0000000e+01	   6.9196680e-01	   4.8494387e-01	   6.4371498e-02	   3.2549957e-04	   4.7705686e-01	   1.3442930e-01	   7.2795761e-04	   9.2013811e-03	   7.0912397e-02	   1.6813567e-01	   8.0374838e-01	  -8.7055833e-01	   4.3625984e-02	  -5.7429529e-01	   5.6863688e-02	  -5.5033289e-01	  -5.7233567e-01	  -8.4407407e-01	   4.4795633e-02	  -5.4845294e-01	
   4.9090004e-01	   1.0000000e+01	   3.3119642e-01	   5.0510700e-01	   7.4376433e-03	   4.2146550e-01	   1.5737218e-05	   2.7064166e-01	   6.8949356e-06	   3.3015348e-01	   1.9459777e-01	   6.8525560e-06	   4.5269410e-04	   9.6936780e-01	  -9.8749553e-01	  -9.6891167e-01	  -9.9977174e-01	  -9.7094465e-01	  -9.9796753e-01	  -7.3098371e-04	   9.7088305e-01	  -9.9896753e-01	
  -1.1218955e+00	   1.0000000e+01	   1.5011067e-02	   3.2444747e-01	   1.2479563e-01	   6.5357689e-01	   5.1853591e-01	   5.6575004e-03	   1.4644697e-02	   8.5290646e-03	   8.6173693e-03	   3.2434562e-01	  -7.0400676e-01	  -5.8019749e-03	   5.7255528e-01	  -6.6083219e-01	   6.7700606e-01	   5.9845662e-01	   5.9999875e-01	   6.1558626e-01	   6.1707642e-01	  -6.8781336e-03	
  -2.6085413e+00	   1.0000000e+01	   5.0284696e-01	   1.3784149e-01	   1.5092371e-01	   3.7473036e-01	   2.2528793e-01	   5.8695183e-02	   1.3483738e-01	   1.3924713e-02	   2.0457305e-01	   1.7284238e-02	  -5.4583690e-01	   5.6625049e-01	  -1.1096776e-01	   2.3249052e-01	  -1.1283582e-01	   5.6087162e-01	  -1.1402429e-01	   5.5564517e-01	   5.6940651e-01	   5.5685865e-01	
   1.2995645e+00	   1.0000000e+01	   1.5384630e-01	   7.8148900e-02	   7.6798290e-02	   2.8804728e-02	   3.5338044e-02	   2.4049713e-02	   1.5932186e-01	   5.9059874e-02	   5.1977480e-02	   7.2122636e-02	   1.2305660e+00	   1.2232377e+00	   8.0726963e-01	   1.2236057e+00	   8.1668599e-01	   8.1864854e-01	   1.2315580e+00	   8.1025716e-01	   8.1149195e-01	   8.0838131e-01	
   1.5351623e+00	   1.0000000e+01	   5.1695121e-02	   6.3635197e-02	   5.0359388e-02	   5.5693304e-03	   2.8417815e-04	   2.0984238e-02	   2.8558064e-04	   2.0677611e-01	   1.0337429e-01	   5.1695167e-02	  -1.2395366e+00	  -1.2377301e+00	  -1.2409789e+00	  -1.2435379e+00	  -1.2460442e+00	  -1.2363810e+00	  -1.2450443e+00	  -1.2395136e+00	  -1.2380506e+00	  -1.2385398e+00	
  -7.7061946e-01	   1.0000000e+01	   3.5174833e-01	   5.8779885e-01	   4.4894878e-01	   1.0020987e-03	   1.9042637e-01	   2.4379180e-02	   3.4856954e-01	   9.5449015e-02	   1.7644794e-04	   2.4365907e-02	   2.3088048e-01	   7.7187328e-01	  -2.2888871e-01	  -7.4823248e-01	  -7.6977883e-01	  -7.6156048e-01	  -7.7378210e-01	   2.3253260e-01	  -7.4993728e-01	  -7.6056091e-01	
   5.9495531e-01	   1.0000000e+01	   2.2695756e-01	   1.6538379e-01	   3.4480775e-01	   3.9051536e-05	   2.7917867e-05	   2.3142490e-01	   4.9338593e-01	   4.0436403e-05	   2.3144469e-01	   3.4481339e-01	   9.9481713e-01	   8.0134028e-04	  -9.9796337e-01	   9.6627261e-01	  -1.0297453e+00	   9.9895375e-01	  -6.1997118e-04	   9.6470222e-01	   9.9797256e-01	  -9.9698422e-01	
  -5.2839678e-02	   1.0000000e+01	   4.8055109e-01	   3.6954963e-02	   6.2973916e-01	   6.6471378e-02	   8.4017542e-02	   3.2750580e-02	   3.1795028e-01	   2.5216994e-01	   1.4431212e-01	   7.5967227e-02	   8.9423406e-01	  -2.6163789e-01	  -8.9289485e-01	   2.6821805e-01	  -2.5709877e-01	   2.7505911e-01	  -2.4629756e-01	   2.6092389e-01	   8.9818202e-01	   2.6701886e-01	
   3.6493797e-01	   1.0000000e+01	   2.5272109e-01	   5.8156792e-01	   2.3566722e-01	   4.0655652e-02	   1.9901474e-01	   4.0491894e-01	   5.7491750e-02	   6.8143079e-02	   4.1263986e-02	   1.9902825e-01	  -9.3886374e-01	   3.2998234e-03	   9.3592900e-01	  -2.6583793e-02	  -9.3602380e-01	   9.3939961e-01	  -9.4446258e-01	   9.3283787e-01	  -2.7593349e-02	  -9.3701726e-01	
   6.8813966e-01	   1.0000000e+01	   6.5857224e-01	   4.4547416e-01	   5.9221335e-01	   2.0276420e-02	   7.7158683e-03	   2.2541556e-01	   1.9810452e-02	   1.4063620e-02	   2.4744163e-02	   6.5549384e-03	  -1.0307799e+00	   1.0270854e+00	   2.8486222e-02	  -4.8788354e-01	  -4.9041725e-01	   1.0299909e+00	   5.5969265e-02	   5.7836997e-02	  -4.8673521e-01	  -4.9145706e-01	
  -2.0633285e+00	   1.0000000e+01	   1.5050064e-01	   2.8220858e-01	   8.1227325e-03	   4.3147592e-01	   5.7964473e-01	   1.0643444e-03	   4.3986501e-03	   2.2247337e-01	   1.1936627e-03	   2.0204982e-01	  -5.7941144e-01	   3.3987991e-01	   3.5465580e-01	   6.1432916e-01	  -5.9701730e-02	   3.5853171e-01	   3.5612138e-01	  -5.7276903e-01	   3.5752804e-01	  -5.7406494e-01	
   4.2453806e-01	   1.0000000e+01	   3.5211205e-01	   3.5010061e-01	   7.0515740e-01	   3.4959089e-03	   4.2687425e-03	   1.4802496e-01	   1.5157795e-01	   3.6861348e-03	   1.4950659e-03	   3.5209488e-01	   9.5361942e-01	  -1.6500640e-03	  -9.5246180e-01	   5.7480956e-02	   6.0308686e-02	   2.1787158e-03	   1.0180148e-03	   5.8482868e-02	   6.1630339e-02	   9.5263522e-01	
  -1.2877302e-01	   1.0000000e+01	   5.3455869e-01	   9.9459104e-02	   6.9038668e-01	   1.0892460e-05	   2.0121494e-01	   2.8510611e-01	   3.5927289e-05	   1.0091763e-01	   9.9406919e-02	   1.0091763e-01	   8.9815675e-01	  -9.5847035e-02	  -8.4422621e-01	   5.6710075e-01	  -5.8002185e-02	   5.2831391e-01	   8.5444353e-01	  -5.9522081e-02	  -9.4846674e-02	  -5.8522081e-02	
   1.1239513e+00	   1.0000000e+01	   3.6208843e-01	   3.8727185e-01	   6.0770174e-02	   2.9244223e-02	   5.0048284e-02	   2.5090619e-02	   6.3857544e-03	   1.1063443e-01	   5.5453174e-02	   3.6227964e-01	   1.0634158e+00	  -1.0329000e+00	  -1.1315503e+00	  -1.1261574e+00	  -1.1219147e+00	  -1.1249952e+00	  -1.1282752e+00	  -1.0427884e+00	  -1.1230289e+00	   1.0649931e+00	
  -1.0093726e+00	   1.0000000e+01	   2.8956020e-06	   4.8343492e-01	   4.2547622e-01	   4.1745253e-01	   8.7680147e-03	   5.8212700e-01	   7.3278918e-06	   7.5196559e-04	   1.2796864e-01	   2.8913981e-06	  -7.0612177e-01	   1.9413817e-01	  -2.6325786e-01	  -7.4911648e-01	  -2.9038691e-01	   7.3338977e-01	  -7.0378469e-01	  -2.8877037e-01	  -7.5277512e-01	  -7.0512177e-01	
   7.1468294e-01	   1.0000000e+01	   6.7544142e-01	   4.3499300e-01	   6.7534614e-01	   2.0402594e-02	   1.2099361e-02	   2.9356651e-02	   1.3645941e-01	   8.1031467e-03	   5.2051931e-03	   8.1119577e-03	   1.0302401e+00	   4.3395141e-03	  -1.0303015e+00	  -2.4351978e-02	  -2.7613093e-02	  -2.2131339e-02	   2.3113341e-04	  -2.2654340e-02	  -2.6183936e-02	  -2.3654480e-02	
   8.7451439e-02	   1.0000000e+01	   7.1175437e-01	   6.4871354e-01	   5.6267845e-01	   5.9935793e-05	   8.8551270e-03	   7.4333538e-02	   1.3083088e-02	   1.3216708e-05	   8.4394208e-02	   6.2166967e-05	   8.7651479e-01	   1.8123791e-02	  -9.1017648e-01	  -7.0944467e-01	  -6.9985776e-01	  -6.9153362e-01	  -6.9863956e-01	  -7.1070858e-01	  -6.9032167e-01	  -7.0844464e-01	
  -1.8582821e+00	   1.0000000e+01	   1.7837634e-01	   3.4539348e-01	   1.3142834e-02	   4.3966614e-01	   3.4154489e-01	   1.9524897e-01	   3.8742643e-01	   7.6697767e-06	   1.0917214e-02	   8.8653325e-03	   6.1293363e-01	   9.7029186e-02	  -3.1907150e-01	  -6.5121509e-01	  -3.0238977e-01	   1.0589193e-01	   6.0552912e-01	  -5.9786389e-01	  -3.2018096e-01	  -6.2192884e-01	
   1.1747262e+00	   1.0000000e+01	   3.6953831e-02	   2.3558546e-01	   2.4670195e-01	   7.2170111e-02	   4.7273352e-01	   3.6918574e-02	   1.5035666e-02	   2.5019706e-02	   2.3449889e-01	   3.6669350e-02	   1.1139738e+00	  -1.0355651e+00	   1.0781500e+00	   1.1159059e+00	  -1.1070007e+00	   1.0959768e+00	   1.1124454e+00	   1.0936855e+00	   1.0796974e+00	   1.0949570e+00	
   8.1518048e-02	   1.0000000e+01	   3.6796762e-01	   2.8019967e-01	   5.9829269e-01	   1.3344275e-01	   3.2588084e-02	   3.3421926e-02	   1.3292869e-01	   1.2692394e-01	   2.7546698e-01	   1.3305573e-01	   8.9646885e-01	   1.2329486e-01	  -9.2725737e-01	  -4.1491581e-01	   9.1089413e-01	  -4.2698120e-01	   1.2499045e-01	  -4.1596406e-01	   8.9766984e-01	   1.2398968e-01	
  -1.7891798e-01	   1.0000000e+01	   4.0593436e-01	   3.0325519e-03	   6.3860246e-01	   3.5428429e-01	   6.1619178e-01	   9.7450066e-02	   5.4322115e-04	   4.9935054e-04	   5.0008208e-04	   5.4256800e-04	   2.6984867e-01	   8.5462644e-01	  -8.6204420e-01	  -2.1611755e-01	   8.6959008e-01	  -2.2158937e-01	   8.5268181e-01	   8.5278973e-01	   8.5378971e-01	   8.5168182e-01	
  -1.5310628e+00	   1.0000000e+01	   2.6555181e-01	   5.3407164e-02	   5.5754877e-01	   4.8844192e-01	   1.6781594e-01	   4.5994243e-02	   1.1635540e-02	   1.5836004e-01	   1.7368049e-01	   5.1686730e-02	   2.6914022e-01	  -1.6475973e-01	  -6.6031360e-01	   6.9099474e-01	  -1.5052049e-01	  -1.7003160e-01	  -1.7311651e-01	   2.7297665e-01	  -1.5156374e-01	  -1.6375019e-01	
  -2.6412339e-02	   1.0000000e+01	   2.6921459e-01	   6.9153464e-01	   4.0885326e-01	   9.1746237e-02	   1.8240923e-02	   1.2652968e-02	   1.4609501e-01	   3.9504681e-01	   2.6196358e-05	   7.9628774e-02	  -5.2133493e-01	   8.6527404e-01	  -9.1442995e-01	   8.2486616e-02	   9.7013769e-02	   9.9119494e-02	  -9.1058332e-01	   6.7977479e-02	  -5.5949728e-01	   8.3958837e-02	
  -5.7529605e-01	   1.0000000e+01	   6.7854008e-03	   3.3403098e-01	   2.3237439e-01	   2.1513757e-04	   5.9187377e-01	   3.0877503e-05	   3.3551652e-01	   2.4705964e-01	   3.3676832e-01	   3.2217239e-05	  -5.0623030e-01	   7.6356148e-01	  -8.3460084e-01	  -5.1536257e-01	   7.4260373e-02	  -5.1807779e-01	  -4.8284434e-01	  -8.3576907e-01	   7.6459150e-01	  -5.1707777e-01	
   1.3980713e+00	   1.0000000e+01	   4.3789022e-01	   5.0014875e-01	   2.7997097e-02	   1.3806558e-02	   1.2743095e-02	   1.4569299e-01	   3.3498765e-02	   1.7846481e-02	   1.6755683e-02	   1.6760891e-02	   1.1840601e+00	  -1.1837204e+00	   1.1858643e+00	  -1.1807972e+00	  -1.1873524e+00	   1.1829883e+00	  -1.1862039e+00	  -1.1823198e+00	  -1.1857083e+00	  -1.1847095e+00	
  -1.5046128e+00	   1.0000000e+01	   4.7928951e-01	   6.3600418e-01	   4.5839625e-01	   1.6600578e-01	   9.9004750e-05	   3.6136697e-02	   3.2757895e-04	   8.8808504e-03	   1.0636531e-04	   1.6111417e-01	   1.3601273e-02	   6.1906264e-01	  -6.3831010e-01	  -5.1113342e-01	   6.7169997e-01	  -5.1793394e-01	   6.6959144e-01	  -5.2111037e-01	   6.7069884e-01	   2.5881379e-02	
  -1.5185429e+00	   1.0000000e+01	   6.4321123e-01	   7.2839269e-02	   4.4550668e-01	   6.1172538e-03	   2.6770935e-02	   1.0190533e-02	   5.1367090e-01	   1.1554685e-02	   1.9967256e-02	   1.9306093e-01	   1.2048163e-02	  -5.0665013e-01	   6.1251771e-01	  -5.5395126e-01	  -5.2078490e-01	  -5.2852300e-01	  -6.2439570e-01	  -5.2725295e-01	  -5.0912024e-01	   6.2208679e-01	
   6.7003127e-01	   1.0000000e+01	   4.6682036e-01	   6.3748167e-01	   7.8915004e-02	   1.6324035e-02	   2.9664871e-01	   1.7219984e-01	   1.1260612e-02	   1.8867404e-01	   1.3857246e-01	   1.6325134e-02	  -1.0370693e+00	   1.0328747e+00	  -3.1534196e-01	   1.0475679e+00	   1.3286952e-01	  -1.0415312e+00	  -3.2350105e-01	   1.3698364e-01	  -3.1197299e-01	  -3.2203127e-01	
